continent 1
region 1 2 3 4 5 6 17 done 
continent 2
region 7 8 done
continent 3
region 9 10 11 12 13 14 15 16 18 19 20 21 22 done
continent 4
region 23 17 25 done
adjacent
c 1
r 1  ( 2 , 1 ) ( 4 , 1 ) 
r 2  ( 3 , 1 ) ( 4 , 1 ) ( 17 , 1 ) 
r 3  ( 4 , 1 ) ( 10 , 3 ) 
r 4  ( 5 , 1 ) 
r 5  ( 6 , 1 ) 
r 6  ( 7 , 3 ) 
r 17 ( 16 , 3 ) 
c 2
r 7  ( 8 , 1 ) 
r 8  ( 9 , 3 ) 
c 3
r 9  ( 11 , 1 ) ( 10 , 1 ) ( 12 , 1 ) ( 13 , 1 ) 
r 10 ( 12 , 1 )
r 11 ( 13 , 1 ) ( 23 , 3 ) 
r 12 ( 13 , 1 ) ( 15 , 1 ) ( 18 , 1 ) ( 19 , 1 ) 
r 13 ( 14 , 1 ) ( 19 , 1 )
r 14 
r 15 ( 16 , 1 ) ( 18 , 1 )
r 16 ( 22 , 3 )
r 18 ( 19 , 1 )
r 19 ( 20 , 1 )
r 20 ( 21 , 1 ) ( 24 , 3 )
r 21 ( 22 , 1 )
r 22 
c 4
r 23 ( 25 , 1 )
r 24 ( 25 , 1 )
r 25  
end
